sample	min_cov	min_prop	bin	pass	bases	mean	11+	21+	31+	41+	51+	61+	71+	81+	91+	101+	111+	121+	131+	141+	151+
PD62027a	20	80	21+	true	50337604	73.5871	97.0400	89.0700	78.4700	67.6700	57.5100	48.3000	40.1500	33.1900	27.3700	22.5800	18.6700	15.4800	12.9000	10.8000	9.0800
PD62027b	20	80	31+	true	50337604	90.9369	98.1800	93.8100	86.7700	78.4800	70.0100	61.7900	54	46.7800	40.1800	34.2400	29.0400	24.5400	20.6600	17.3900	14.6300
PD62027c	20	80	41+	true	50337604	109.5173	98.7900	95.6100	90.1600	83.4400	76.3200	69.2400	62.3800	55.8000	49.5700	43.8000	38.5100	33.7300	29.4600	25.7100	22.4100
PD62028a	20	80	41+	true	50337604	101.4974	98.6100	94.7600	88.4600	80.9000	72.9900	65.2300	57.8800	51.0800	44.8600	39.2600	34.2500	29.8100	25.9000	22.4700	19.4700
PD62028b	20	80	21+	true	50337604	53.8622	94.0800	81.3900	67.1200	53.7800	42.2300	32.7400	25.1700	19.3100	14.8300	11.4300	8.8500	6.8700	5.3700	4.2300	3.3400
PD62028c	20	80	41+	true	50337604	111.8433	98.5600	94.6800	88.7000	81.7700	74.5800	67.5200	60.7700	54.4200	48.5300	43.1500	38.2800	33.9100	30	26.5400	23.4900
PD62029b	20	80	11+	false	50337604	39.9094	90.2400	71.6000	53.3800	38.5100	27.1800	18.8900	13.0300	9	6.2500	4.3800	3.1000	2.2200	1.6100	1.1900	0.8800
PD62029c	20	80	31+	true	50337604	88.0861	97.7900	93.2400	86.0900	77.4000	68.3700	59.6700	51.6600	44.4800	38.0800	32.4900	27.6200	23.4300	19.8100	16.7100	14.0800
PD62029d	20	80	51+	true	50337604	117.0200	98.8600	96.5800	92.5200	87.0300	80.7500	74.1900	67.6600	61.2800	55.1600	49.3500	43.8900	38.8200	34.1900	30.0100	26.2500
PD62030a	20	80	11+	false	50337604	44.8526	94.1100	79	61.8600	46.4500	33.7700	23.9500	16.6500	11.4500	7.8200	5.3300	3.6600	2.5400	1.7900	1.2700	0.9200
PD62030b	20	80	31+	true	50337604	92.0565	97.9400	93.3000	86.2400	77.9600	69.4500	61.2400	53.6400	46.7100	40.4500	34.8800	29.9800	25.6900	21.9500	18.6900	15.8900
PD62030c	20	80	31+	true	50337604	94.3489	97.7900	92.6500	85.3900	77.3500	69.2800	61.4400	54.0400	47.1700	40.9300	35.3300	30.4100	26.1300	22.4400	19.2500	16.5300
PD62030d	20	80	31+	true	50337604	85.4204	97.8700	92.6500	84.7700	75.7300	66.6900	58.1100	50.2300	43.0900	36.7000	31.0900	26.2100	21.9900	18.4000	15.3700	12.8100
PD62031a	20	80	21+	true	50337604	58.6995	95.0300	84.8900	72.0200	59.1900	47.8800	38.3200	30.3800	23.9100	18.6700	14.4900	11.1700	8.5600	6.5300	4.9700	3.7600
PD62031b	20	80	31+	true	50337604	86.0123	97.6800	92.1200	83.9600	74.8800	65.8700	57.4100	49.6400	42.6500	36.4400	30.9900	26.2600	22.2000	18.7300	15.7800	13.3000
PD62031c	20	80	31+	true	50337604	99.9382	98.2000	93.6900	86.9800	79.4500	71.7900	64.3200	57.1400	50.3500	44.0900	38.3900	33.3000	28.8400	24.9600	21.5900	18.6700
PD62031d	20	80	31+	true	50337604	92.5896	98.1200	93.2900	86.1200	77.9700	69.7800	61.8000	54.2500	47.2300	40.8200	35.0600	29.9500	25.5100	21.7000	18.4200	15.6200
PD62032a	20	80	11+	false	50337604	40.1325	92.0700	73.4300	54.3000	38.3000	26.1000	17.4800	11.7200	7.9700	5.5700	4.0200	2.9700	2.2600	1.7600	1.3900	1.1200
PD62032b	20	80	11+	false	50337604	36.6955	87.7300	67.2400	48.3000	34.0300	23.7500	16.4200	11.2500	7.6300	5.1200	3.4300	2.3000	1.5400	1.0500	0.7200	0.5000
PD62033a	20	80	21+	true	50337604	68.8695	97.4900	90.0100	79.2400	67.8200	56.9700	47.1400	38.4600	31.0300	24.8200	19.7300	15.6200	12.3400	9.7600	7.7300	6.1600
PD62033b	20	80	21+	true	50337604	64.5188	97.0500	89.1800	77.7100	65.5500	54.1800	44.1400	35.5300	28.2500	22.2500	17.3700	13.4400	10.3600	7.9400	6.0700	4.6400
PD62033c	20	80	11+	false	50337604	40.3854	91.5500	73.3600	54.7900	39.4400	27.6500	19.0800	13.0100	8.8200	6	4.1100	2.8500	2.0100	1.4500	1.0700	0.8000
PD62033d	20	80	21+	true	50337604	65.2728	96.9800	88.2900	76.6200	64.6900	53.5400	43.6000	35	27.8000	21.9200	17.2100	13.5000	10.6100	8.3900	6.6500	5.3200
PD62034a	20	80	31+	true	50337604	74.4078	97.6300	91.7500	82.6200	72.2100	61.9000	52.3600	43.8100	36.3300	29.8500	24.3100	19.6600	15.7800	12.5700	9.9700	7.9000
PD62034b	20	80	41+	true	50337604	90.9187	98.5800	95.0100	88.7500	80.7500	72.1100	63.6200	55.5600	48.0800	41.2900	35.1700	29.7400	24.9800	20.8700	17.3300	14.3200
PD62034c	20	80	31+	true	50337604	89.7840	98.2700	93.9400	86.9600	78.6600	70.0800	61.7300	53.8300	46.5200	39.8600	33.9000	28.6700	24.1300	20.2400	16.9100	14.1000
PD62035a	20	80	11+	false	50337604	28.3530	82.9300	56.4400	35.7400	21.9600	13.1800	7.7200	4.4500	2.5600	1.5000	0.9000	0.5500	0.3500	0.2300	0.1600	0.1100
PD62035b	20	80	11+	false	50337604	39.1494	89.9200	70.3700	51.7900	36.9200	25.7200	17.7300	12.2200	8.5200	6.0200	4.3100	3.1500	2.3300	1.7400	1.3100	1
PD62036a	20	80	21+	true	50337604	56.9350	95.7500	84.6200	70.7400	57.4700	45.8600	36.0900	28.0500	21.6400	16.6300	12.7300	9.7500	7.4800	5.7600	4.4500	3.4600
PD62036b	20	80	31+	true	50337604	84.6568	97.9700	92.2700	83.7600	74.3400	65.1000	56.4700	48.6500	41.5900	35.3600	29.9400	25.2500	21.2500	17.8700	15.0300	12.6400
PD62036c	20	80	11+	false	50337604	42.3481	93.0200	76.3000	58.1600	42.3800	29.8400	20.5400	13.9800	9.4900	6.4900	4.4900	3.1700	2.2800	1.7000	1.2800	0.9900
PD62037a	20	80	31+	true	50337604	78.0299	98.0400	92.8100	84.4300	74.4900	64.4200	55	46.5100	38.9400	32.3400	26.6600	21.8000	17.7200	14.3300	11.5100	9.2300
PD62037b	20	80	31+	true	50337604	100.5315	98.1700	93.9100	87.4200	79.7700	71.8700	64.1800	56.9800	50.2900	44.1900	38.7000	33.7600	29.3800	25.5200	22.1300	19.1800
PD62037c	20	80	41+	true	50337604	89.5454	98.5700	94.7300	88.2200	80.0400	71.3200	62.7800	54.7500	47.3100	40.5400	34.4800	29.1100	24.4100	20.3400	16.8400	13.8900
PD62037d	20	80	51+	true	50337604	133.5267	99.0300	96.7700	92.9200	87.8900	82.2200	76.3700	70.5300	64.8400	59.3500	54.1300	49.2000	44.5700	40.2800	36.2900	32.6100
PD62037e	20	80	11+	false	50337604	42.5418	88.9300	70.6300	53.6200	39.7400	29.1200	21.3100	15.6300	11.5600	8.6400	6.5500	5.0100	3.8900	3.0500	2.4000	1.9100
PD62038a	20	80	31+	true	50337604	83.3351	97.4000	91.7500	83.5400	74.3500	65.2500	56.6500	48.7400	41.5900	35.2400	29.6900	24.9000	20.8100	17.3500	14.4400	12.0100
PD62038b	20	80	31+	true	50337604	99.3760	97.8400	92.7200	85.4800	77.5200	69.6000	62.0100	54.8900	48.3300	42.3700	37.0600	32.3600	28.2200	24.6000	21.4500	18.7300
PD62038c	20	80	31+	true	50337604	90.1726	97.8400	92.7800	85.2900	76.7600	68.1700	59.9700	52.3400	45.4000	39.1400	33.5800	28.6800	24.4200	20.7600	17.6300	14.9600
PD62038d	20	80	21+	true	50337604	72.4609	95.5700	86.0300	75.0400	64.3100	54.4100	45.6100	38.0500	31.6600	26.3700	22.0100	18.4500	15.5300	13.1400	11.1700	9.5300
PD62038e	20	80	21+	true	50337604	73.6009	96.2600	87.4800	76.7400	66.1200	56.2100	47.2900	39.4600	32.7700	27.1800	22.5800	18.8000	15.7100	13.1700	11.0900	9.3900
PD62039a	20	80	41+	true	50337604	110.5732	98.3100	95.1100	90.0200	83.6300	76.6400	69.5700	62.6900	56.1700	50.0800	44.4800	39.3800	34.7600	30.6200	26.9200	23.6300
PD62039b	20	80	31+	true	50337604	86.1825	97.6800	91.6100	83.0600	73.8700	64.9200	56.4600	48.6900	41.7100	35.5600	30.1900	25.6000	21.6900	18.4000	15.6400	13.3300
PD62039c	20	80	31+	true	50337604	86.7249	97.2900	90.8100	82.1300	73.0200	64.1700	55.8600	48.2600	41.4500	35.4500	30.2500	25.7900	22	18.8100	16.1200	13.8400
PD62039d	20	80	21+	true	50337604	71.1154	96.3800	89.2200	79.1100	68.1900	57.7400	48.3700	40.1800	33.1600	27.1800	22.2000	18.0600	14.6300	11.8100	9.5100	7.6600
PD62039e	20	80	31+	true	50337604	76.0583	97.1600	90.3700	80.7600	70.5700	60.7700	51.7300	43.5600	36.3800	30.1700	24.8800	20.4400	16.7700	13.7400	11.2600	9.2400
PD62040a	20	80	<11	false	50337604	0.0382	0	0	0	0	0	0	0	0	0	0	0	0	0	0	0
PD62040b	20	80	11+	false	50337604	47.5640	93.1800	77.9200	61.5200	47.2600	35.6500	26.5500	19.6200	14.4700	10.6900	7.9400	5.9200	4.4500	3.3700	2.5800	1.9900
PD62040c	20	80	11+	false	50337604	46.4759	93.8100	78.7400	61.9200	47.1200	35.1200	25.7400	18.6500	13.3800	9.5500	6.8200	4.8900	3.5400	2.5600	1.8800	1.3900
PD62041a	20	80	51+	true	50337604	124.4853	98.9900	96.7700	92.8400	87.6100	81.6400	75.3800	69.1100	62.9900	57.1300	51.5900	46.4100	41.6000	37.1400	33.0800	29.4000
PD62041b	20	80	11+	false	50337604	47.5875	91.7700	76.1000	60.1000	46.2000	34.9300	26.1600	19.5700	14.6700	11.0800	8.4500	6.4900	5.0400	3.9400	3.1100	2.4700
PD62041c	20	80	31+	true	50337604	86.2006	98.3500	93.7300	86.3700	77.6500	68.6900	59.9900	51.8000	44.2900	37.5400	31.5900	26.4100	21.9800	18.2300	15.1100	12.5100
PD62041d	20	80	41+	true	50337604	117.9423	98.7900	96.1000	91.5800	85.7800	79.3300	72.7000	66.1400	59.8200	53.8200	48.2300	43.0600	38.3400	34.0300	30.1400	26.6400
PD62042a	20	80	31+	true	50337604	75.6474	97.2700	90.2800	80.4600	69.9800	59.9300	50.8200	42.7400	35.7100	29.7100	24.6200	20.3400	16.7800	13.8400	11.4100	9.4200
PD62042b	20	80	11+	false	50337604	48.8519	91.5900	75.5600	59.5700	45.7400	34.6900	26.2900	20.0600	15.5200	12.1600	9.6600	7.7300	6.2300	5.0500	4.1100	3.3500
PD62042c	20	80	21+	true	50337604	60.5091	95.5900	84.0800	70.4900	57.5500	46.1700	36.7200	29.2400	23.3900	18.8100	15.2500	12.4200	10.1600	8.3600	6.9000	5.7200
PD62043a	20	80	31+	true	50337604	84.2707	97.8000	92.8100	85.1000	76.1500	67.0300	58.3300	50.2600	42.9100	36.3600	30.5900	25.6000	21.3200	17.6800	14.6300	12.0900
PD62043b	20	80	21+	true	50337604	56.7627	94.9500	83.4500	69.9400	57.0500	45.5800	35.8500	27.8700	21.4800	16.5300	12.7300	9.8300	7.6200	5.9400	4.6500	3.6700
PD62043c	20	80	<11	false	50337604	3.4200	4.8100	0.5600	0.1100	0.0300	0.0100	0	0	0	0	0	0	0	0	0	0
PD62044a	20	80	<11	false	50337604	7.4404	23.3700	3.8500	0.7000	0.1600	0.0500	0.0100	0	0	0	0	0	0	0	0	0
PD62044b	20	80	<11	false	50337604	1.2724	0.0900	0	0	0	0	0	0	0	0	0	0	0	0	0	0
PD62044c	20	80	41+	true	50337604	100.5721	98.3200	94.1700	87.6700	80.1100	72.3300	64.7600	57.5000	50.7200	44.4400	38.7400	33.6600	29.1700	25.2300	21.8300	18.8900
PD62045a	20	80	21+	true	50337604	56.4816	94.0200	81.3100	67.4900	54.5500	43.2500	33.8900	26.4500	20.6900	16.2700	12.9300	10.3700	8.3800	6.8100	5.5700	4.5800
PD62045b	20	80	31+	true	50337604	83.3619	97.6900	91.7700	83.1800	73.7600	64.5400	55.9100	48.0100	40.9100	34.6800	29.2300	24.5700	20.6100	17.2700	14.4800	12.1300
PD62045c	20	80	31+	true	50337604	80.1914	97.5600	91.3600	82.4300	72.6300	63.0300	54.1100	46.0400	38.9000	32.7000	27.3600	22.8200	19	15.8000	13.1400	10.9300
PD62046a	20	80	31+	true	50337604	93.6988	97.8100	93.1100	86.1300	78.1100	69.9000	61.9100	54.4000	47.5100	41.2400	35.6300	30.6700	26.3200	22.5500	19.2700	16.4600
PD62046b	20	80	31+	true	50337604	78.9952	97.7700	91.5200	82.3600	72.3800	62.6600	53.6100	45.4100	38.1400	31.8400	26.4700	21.9600	18.1800	15.0300	12.4400	10.3100
PD62046c	20	80	31+	true	50337604	86.4939	97.6200	91.9500	83.9000	75.0600	66.3500	58.0100	50.2300	43.1600	36.8200	31.2600	26.4300	22.2900	18.8000	15.8400	13.3600
PD62047a	20	80	21+	true	50337604	70.6228	96.9600	89.3600	78.9100	67.9200	57.5200	48.1100	39.8500	32.7200	26.6700	21.6100	17.4600	14.0800	11.3300	9.1200	7.3400
PD62047b	20	80	21+	true	50337604	57.9249	96.5000	86.3900	73.1200	59.9300	47.9700	37.6600	29.1300	22.2500	16.8900	12.7900	9.6800	7.3500	5.6000	4.3000	3.3000
PD62047c	20	80	<11	false	50337604	1.1161	0.0500	0	0	0	0	0	0	0	0	0	0	0	0	0	0
PD62047f	20	80	11+	false	50337604	40.2384	91.3000	72.6900	54.2500	38.9200	27.1500	18.6900	12.8300	8.8800	6.2200	4.4200	3.1700	2.3000	1.6800	1.2400	0.9100
PD62047g	20	80	41+	true	50337604	112.1450	98.5300	95.0900	89.6400	83.1000	76.1900	69.3000	62.5900	56.2000	50.1900	44.6100	39.5200	34.8800	30.7200	27.0100	23.7200
PD62047h	20	80	41+	true	50337604	121.0733	98.6400	95.6700	90.9200	85.0400	78.6400	72.1100	65.6700	59.4800	53.6300	48.1500	43.0900	38.4300	34.1700	30.3300	26.8800
PD62047i	20	80	<11	false	50337604	18.2094	64.4000	32.8800	15.7500	7.5000	3.6800	1.9100	1.0500	0.6100	0.3700	0.2400	0.1600	0.1100	0.0700	0.0500	0.0400
PD62048a	20	80	21+	true	50337604	71.2682	96.5300	87.6100	76.4000	65.2800	55.0100	45.8600	37.9100	31.1900	25.6100	21.0500	17.3400	14.3700	11.9700	10.0300	8.4500
PD62048b	20	80	11+	false	50337604	47.7282	92.9300	78.0400	62.0400	47.8300	36.1100	26.8500	19.7700	14.5300	10.6900	7.8800	5.8600	4.4000	3.3300	2.5400	1.9600
PD62048c	20	80	21+	true	50337604	60.6662	95.1600	83.7000	70.4000	57.9100	46.9000	37.5300	29.8300	23.6500	18.7900	15.0200	12.0900	9.8100	8.0200	6.6100	5.4800
PD62049a	20	80	11+	false	50337604	45.3891	90.9200	74.3300	57.8000	43.9400	33.0700	24.7700	18.4800	13.7800	10.2800	7.6800	5.7400	4.3000	3.2500	2.4600	1.8800
PD62049b	20	80	31+	true	50337604	94.0874	98.0800	93.7100	86.9700	79.1400	71.0900	63.2500	55.7800	48.7700	42.3100	36.4600	31.2700	26.7000	22.7100	19.2800	16.3400
PD62049c	20	80	11+	false	50337604	39.7789	88.2300	69.3200	51.4600	37.0800	26.3400	18.6600	13.3100	9.5800	7	5.1600	3.8500	2.9100	2.2100	1.7000	1.3100
PD62050a	20	80	31+	true	50337604	84.6863	97.6100	92.0400	83.9100	74.7100	65.5300	56.8600	48.9600	41.9300	35.7500	30.3800	25.7400	21.7500	18.3600	15.4600	13
PD62050b	20	80	<11	false	50337604	9.5926	33.9900	8.9600	2.5900	0.8900	0.3400	0.1500	0.0700	0.0300	0.0200	0.0100	0.0100	0	0	0	0
PD62050c	20	80	11+	false	50337604	48.5170	93.0900	78.2500	62.3400	48.3100	36.7400	27.5600	20.5000	15.1700	11.2600	8.4100	6.3300	4.8000	3.6700	2.8400	2.2100
PD62050d	20	80	21+	true	50337604	65.1623	95.4000	85.3300	73.2100	61.4800	50.9900	41.9100	34.2700	27.9000	22.6700	18.3700	14.8900	12.0900	9.8400	8.0300	6.5900
PD62051a	20	80	31+	true	50337604	89.6457	97.7500	92.1700	84.1900	75.4800	66.8700	58.6600	51.0200	44.0500	37.8100	32.3500	27.6000	23.5500	20.1100	17.1900	14.7300
PD62051b	20	80	21+	true	50337604	71.1215	96.3100	87.5200	76.5800	65.6400	55.4200	46.2400	38.2200	31.4400	25.8200	21.2200	17.5000	14.4800	12.0400	10.0400	8.4000
PD62051c	20	80	21+	true	50337604	67.8933	95.3600	85.2300	73.5300	62.1800	51.8600	42.8600	35.2400	28.9100	23.7600	19.5900	16.2200	13.4800	11.2700	9.4500	7.9600
PD62052a	20	80	21+	true	50337604	56.8284	97.1300	88.7900	76.4100	62.9900	50.2300	38.8000	29.1300	21.2600	15.1600	10.6100	7.3100	4.9800	3.3800	2.2900	1.5400
PD62052b	20	80	21+	true	50337604	70.9822	96.4600	88.1800	77.6700	67.0200	56.9100	47.7000	39.5400	32.5100	26.6000	21.6800	17.6400	14.3700	11.7400	9.6100	7.9000
PD62052c	20	80	31+	true	50337604	88.2645	98.0700	93.4100	86.2000	77.7400	69.1100	60.7600	52.8900	45.6200	39.0400	33.1700	28.0100	23.5200	19.6800	16.4300	13.6900
PD62052d	20	80	<11	false	50337604	2.5668	1.7500	0.0600	0	0	0	0	0	0	0	0	0	0	0	0	0
PD62053a	20	80	21+	true	50337604	72.3532	95.6100	85.3700	73.7200	62.6100	52.5600	43.8600	36.5400	30.5700	25.7100	21.8000	18.6100	15.9600	13.7600	11.8800	10.3000
PD62053b	20	80	11+	false	50337604	41.1055	90.9200	72.1900	53.9700	38.9700	27.6000	19.4900	13.9300	10.1000	7.4300	5.5200	4.1100	3.0700	2.2900	1.7000	1.2700
PD62053c	20	80	21+	true	50337604	49.8039	94.4200	80.1300	63.9800	49.5200	37.5400	28.1300	21.0100	15.7300	11.8600	9.0400	6.9500	5.3800	4.1900	3.2700	2.5500
PD62054a	20	80	21+	true	50337604	63.8848	95.7700	85.3900	72.8100	60.6900	49.8000	40.4300	32.6000	26.2100	21.0600	16.9900	13.7900	11.2400	9.2100	7.6000	6.3000
PD62054b	20	80	31+	true	50337604	80.0085	97.5400	91.6400	82.9400	73.3300	63.9000	55.0100	46.8700	39.5500	33.1300	27.5700	22.8200	18.8400	15.5400	12.8000	10.5500
PD62054c	20	80	11+	false	50337604	37.4692	88.7700	68.5500	49.8100	34.9100	23.9100	16.1900	10.9900	7.5300	5.2400	3.7000	2.6500	1.9200	1.4100	1.0500	0.7800
PD62055a	20	80	21+	true	50337604	62.2541	95.8000	85.9800	73.7600	61.7400	50.8200	41.2300	33.0400	26.2400	20.7100	16.2600	12.7500	10.0100	7.8700	6.2000	4.9000
PD62055b	20	80	11+	false	50337604	44.2354	91.1000	74.3300	57.4000	42.9500	31.7000	23.3400	17.2800	12.8600	9.6100	7.1900	5.3600	3.9700	2.9100	2.1300	1.5400
PD62055c	20	80	31+	true	50337604	89.7050	98.2100	93.6700	86.8800	79.0200	70.8600	62.7100	54.8500	47.4500	40.6100	34.4500	29.0100	24.2900	20.2800	16.8900	14.0300
PD62057a	20	80	21+	true	50337604	62.8787	95.4600	84.7500	72.0300	59.9100	49.1600	39.9100	32.1800	25.8400	20.7300	16.6500	13.4100	10.8400	8.8200	7.2200	5.9400
PD62057b	20	80	31+	true	50337604	89.4054	98.0400	93.5700	86.7600	78.7100	70.3100	62.0700	54.2300	46.9200	40.2500	34.2400	28.9400	24.3300	20.3600	16.9700	14.1100
PD62057c	20	80	11+	false	50337604	35.5754	91.6800	71.6100	50.7300	33.7400	21.3200	12.9600	7.6700	4.4900	2.6200	1.5400	0.9200	0.5600	0.3500	0.2300	0.1500
PD62058a	20	80	21+	true	50337604	75.5427	96.4600	88.9000	78.8600	68.2800	58.3300	49.4200	41.6500	34.9800	29.2900	24.4700	20.4700	17.1100	14.3000	11.9700	10.0100
PD62058b	20	80	21+	true	50337604	58.7810	95.3800	83.5700	69.9000	57.1000	45.7500	36.2100	28.5400	22.5300	17.8700	14.3000	11.5200	9.3100	7.5600	6.1600	5.0300
PD62058c	20	80	41+	true	50337604	105.2468	98.4400	95.1300	89.8800	83.3200	76.1900	69.0200	62.0700	55.4200	49.1900	43.3700	38	33.1200	28.7500	24.8500	21.4000
PD62059a	20	80	21+	true	50337604	56.7435	95.6600	83.8800	69.9600	56.6200	44.7500	34.9300	27.1700	21.2100	16.6400	13.1400	10.3900	8.2300	6.5100	5.1400	4.0500
PD62059b	20	80	11+	false	50337604	40.1152	88.4600	68.9300	51.0200	36.8500	26.3400	18.8400	13.5800	9.8800	7.3000	5.4700	4.1500	3.1800	2.4600	1.9200	1.5100
PD62059c	20	80	<11	false	50337604	4.7930	8.8900	0.7300	0.1000	0.0200	0	0	0	0	0	0	0	0	0	0	0
PD62059d	20	80	11+	false	50337604	33.9785	84.7900	62.0500	43.0200	29.1000	19.5200	13.2100	9.0800	6.3600	4.5200	3.2700	2.4000	1.7800	1.3400	1.0200	0.7800
PD62060a	20	80	31+	true	50337604	80.1193	96.8500	89.5300	80.3900	70.9400	61.6900	52.9700	45.0100	37.9800	31.9200	26.7800	22.4800	18.9200	15.9500	13.4900	11.4300
PD62060b	20	80	31+	true	50337604	83.5041	97.6200	91.8300	83.5000	74.4100	65.3800	56.8200	48.9200	41.7200	35.2700	29.6300	24.7800	20.6600	17.2100	14.3400	11.9600
PD62060c	20	80	31+	true	50337604	84.4321	97.4800	90.8000	81.8100	72.4700	63.4400	54.9400	47.1900	40.2500	34.1900	28.9700	24.5400	20.8100	17.7000	15.1100	12.9400
PD62061a	20	80	<11	false	50337604	0.1212	0	0	0	0	0	0	0	0	0	0	0	0	0	0	0
PD62061b	20	80	11+	false	50337604	43.7131	91.0200	73	55.5900	41.2900	30.2100	22.0400	16.1800	12.0400	9.1000	6.9700	5.3800	4.1700	3.2400	2.5300	1.9900
PD62061c	20	80	11+	false	50337604	41.1644	89.2000	69.4500	51.5100	37.4200	27.0500	19.6100	14.3700	10.7000	8.1000	6.2000	4.7900	3.7300	2.9200	2.3000	1.8300
PD62062a	20	80	21+	true	50337604	54.9841	94.3100	81.3400	66.9100	53.7400	42.4900	33.2400	25.8300	20	15.5300	12.1100	9.5200	7.5300	5.9900	4.8000	3.8700
PD62062b	20	80	<11	false	50337604	7.4528	22.9700	5.1700	1.3100	0.3400	0.1000	0.0300	0.0100	0	0	0	0	0	0	0	0
PD62062c	20	80	11+	false	50337604	45.6439	92.2100	76.0300	59.4000	45.0600	33.5400	24.6700	18.0200	13.1500	9.6600	7.1300	5.3000	3.9800	3.0100	2.3000	1.7600
PD62062d	20	80	11+	false	50337604	35.3685	86.9600	64.9400	45.8100	31.5300	21.4200	14.5400	9.9100	6.8000	4.7300	3.3200	2.3500	1.6900	1.2300	0.9000	0.6600
PD62062e	20	80	11+	false	50337604	43.0430	91.5200	74.0500	56.5400	41.9600	30.5500	21.9900	15.7400	11.2800	8.1200	5.9100	4.3300	3.2000	2.3800	1.7900	1.3600
PD62062f	20	80	11+	false	50337604	48.3505	93.4100	78.5100	62.4500	48.2600	36.5200	27.2500	20.1900	14.9300	11.0700	8.2700	6.2300	4.7300	3.6200	2.8000	2.1700
PD62062g	20	80	21+	true	50337604	49.6540	94.0100	80.0400	64.3900	50.2200	38.3500	28.7900	21.4000	15.8300	11.7200	8.7100	6.5300	4.9200	3.7500	2.8600	2.2000
PD62062h	20	80	11+	false	50337604	40.1156	91.1300	72.6100	54.0800	38.8300	27.2700	18.8700	12.9900	8.9700	6.2200	4.3400	3.0500	2.1700	1.5600	1.1200	0.8100
PD62062i	20	80	11+	false	50337604	37.2787	89.2100	68.3200	49.0300	34.1800	23.4900	16.0400	10.9400	7.5300	5.2300	3.6700	2.6200	1.9000	1.3900	1.0300	0.7700
PD62063a	20	80	<11	false	50337604	20.8746	72.5100	40.6900	21.0200	10.3600	5	2.4200	1.1900	0.6100	0.3100	0.1700	0.1000	0.0600	0.0300	0.0200	0.0100
PD62063b	20	80	<11	false	50337604	0.1283	0	0	0	0	0	0	0	0	0	0	0	0	0	0	0
PD62063c	20	80	21+	true	50337604	55.1772	94.8400	82.6800	68.6300	55.5000	44.0200	34.3700	26.4900	20.3100	15.5300	11.8800	9.1300	7.0500	5.4600	4.2600	3.3500
PD62064a	20	80	31+	true	50337604	88.0985	98.2800	93.7900	86.5300	77.9500	69.1100	60.6200	52.6700	45.3800	38.7900	32.9200	27.7700	23.3200	19.5200	16.2800	13.5500
PD62064b	20	80	21+	true	50337604	71.1451	96.9300	89.2400	78.7100	67.6700	57.2400	47.8800	39.6400	32.5800	26.6300	21.7000	17.6400	14.3200	11.6300	9.4500	7.6900
PD62064c	20	80	31+	true	50337604	84.3443	98.0800	93.1500	85.4400	76.4200	67.2300	58.4400	50.3200	42.9800	36.4200	30.6300	25.6300	21.3300	17.6900	14.6300	12.0800
PD62064d	20	80	21+	true	50337604	55.7809	95.4900	84.5800	71.3000	58.1600	46.2000	35.9300	27.4800	20.7800	15.5700	11.6500	8.7000	6.5200	4.9100	3.7000	2.8100
PD62064e	20	80	<11	false	50337604	0.5722	0	0	0	0	0	0	0	0	0	0	0	0	0	0	0
PD62065a	20	80	11+	false	50337604	39.1645	90.3500	71.2700	52.6100	37.6100	26.3500	18.2300	12.5000	8.5200	5.8100	3.9900	2.7600	1.9200	1.3400	0.9500	0.6800
PD62065b	20	80	31+	true	50337604	76.7999	97.5900	91.7800	83.2200	73.6700	64.0800	54.8600	46.2500	38.4200	31.5300	25.6200	20.6700	16.5900	13.2700	10.6200	8.4900
PD62065c	20	80	41+	true	50337604	106.4435	98.4500	94.4900	88.4700	81.6100	74.5100	67.4400	60.5500	53.9500	47.7400	42.0300	36.8100	32.1600	28.0500	24.4600	21.3300
PD62065d	20	80	41+	true	50337604	97.1003	98.4500	94.7700	88.7100	81.2000	73.1500	65.2600	57.7200	50.6600	44.1200	38.1800	32.8800	28.1800	24.0700	20.4800	17.4000
PD62065e	20	80	21+	true	50337604	73.0452	96.1400	87.1300	76.5000	65.9400	55.9500	46.9000	39.0200	32.3800	26.8800	22.3900	18.7100	15.7000	13.2400	11.2200	9.5400
PD62065f	20	80	11+	false	50337604	35.0752	86.8500	65.0200	45.8400	31.2300	20.9100	13.9700	9.4000	6.4300	4.4800	3.1600	2.2600	1.6300	1.1900	0.8800	0.6500
PD62066a	20	80	31+	true	50337604	87.6301	97.8900	92.6800	84.8200	75.9900	67.1200	58.6800	50.8200	43.6700	37.3100	31.7200	26.9000	22.7500	19.2200	16.2200	13.7100
PD62066b	20	80	31+	true	50337604	77.5793	97.8800	92.4300	83.8700	74.0200	64.1400	54.7600	46.1300	38.4100	31.6700	25.9200	21.0600	17.0400	13.7700	11.1000	8.9400
PD62066c	20	80	21+	true	50337604	63.2783	96.8100	88.6900	77.1700	64.9600	53.5000	43.2800	34.5300	27.1800	21.1800	16.4000	12.6000	9.6500	7.3600	5.6200	4.2900
PD62067a	20	80	31+	true	50337604	68.3472	97.4800	90.6400	80.3200	69.0200	58.0600	47.9400	38.9200	31.1800	24.7000	19.4300	15.2200	11.8900	9.2700	7.2300	5.6500
PD62067b	20	80	21+	true	50337604	70.9727	96.2600	87.8300	77.7600	67.2000	56.7500	47.1500	38.8600	31.9600	26.3500	21.7900	18.0700	15	12.4700	10.3500	8.5700
PD62067c	20	80	21+	true	50337604	50.1423	93.9700	80.6000	65.4500	51.3100	39.1400	29.3500	21.8200	16.1900	12.0100	8.9400	6.6900	5.0500	3.8100	2.8900	2.2000
PD62068a	20	80	11+	false	50337604	46.2143	93.1900	77.7900	61.1400	46.5000	34.6100	25.3300	18.3600	13.2800	9.6100	6.9900	5.1000	3.7500	2.7800	2.0700	1.5600
PD62068b	20	80	11+	false	50337604	39.9165	89.5900	70.2800	51.9300	37.5200	26.8100	19.0400	13.4800	9.5500	6.8300	4.9100	3.5700	2.6100	1.9200	1.4300	1.0900
PD62068c	20	80	21+	true	50337604	54.5841	94.8300	82.3900	67.8200	54.3000	42.7300	33.2200	25.6400	19.6800	15.1100	11.5900	8.9300	6.9300	5.4000	4.2400	3.3400
PD62068d	20	80	11+	false	50337604	42.6160	89.7600	71.1500	53.6900	39.5300	28.8200	21.0100	15.4400	11.4700	8.6400	6.6000	5.1000	3.9700	3.1100	2.4600	1.9600
PD62068e	20	80	21+	true	50337604	54.4612	95.1300	83.0600	68.5900	55.0200	43.3100	33.6100	25.8000	19.6600	14.9300	11.3300	8.6300	6.6000	5.0800	3.9300	3.0600
PD62068f	20	80	21+	true	50337604	61.3006	95.3100	84.5400	71.4600	58.9800	47.9700	38.6600	30.9500	24.6800	19.6500	15.6800	12.5400	10.0800	8.1500	6.6300	5.4200
PD62068g	20	80	21+	true	50337604	75.6898	94.7300	84.2000	72.8500	62.1500	52.5200	44.2800	37.4000	31.8000	27.2200	23.4500	20.3400	17.7100	15.4800	13.5700	11.9300
PD62069a	20	80	11+	false	50337604	35.2498	86.8500	64.6800	45.5200	31.3300	21.3100	14.4600	9.8400	6.7300	4.6500	3.2500	2.3200	1.6700	1.2100	0.9000	0.6700
PD62069b	20	80	21+	true	50337604	50.7468	95.7800	84.3800	69.6500	55.0900	42.1400	31.2900	22.6100	16	11.1500	7.7000	5.2800	3.6300	2.4700	1.6900	1.1500
PD62069c	20	80	11+	false	50337604	36.8466	88.3000	66.9400	47.6800	32.9400	22.5800	15.5700	10.8800	7.7400	5.5700	4.0400	2.9600	2.1700	1.6000	1.1800	0.8700
PD62070a	20	80	<11	false	50337604	0.1920	0	0	0	0	0	0	0	0	0	0	0	0	0	0	0
PD62070b	20	80	21+	true	50337604	68.6966	96.8400	89.0800	78.2400	66.8900	56.1800	46.5800	38.2000	31.1000	25.1500	20.2500	16.2400	13	10.4000	8.3100	6.6500
PD62070c	20	80	<11	false	50337604	0.3051	0	0	0	0	0	0	0	0	0	0	0	0	0	0	0
PD62070d	20	80	31+	true	50337604	72.5965	96.8600	89.9600	80.2400	69.6400	59.4100	50.0500	41.7300	34.5100	28.3200	23.1000	18.7500	15.1500	12.2300	9.8400	7.9000
PD62071a	20	80	21+	true	50337604	46.2672	94.5700	80.7900	64.3000	48.9600	35.9500	25.6700	17.9300	12.3500	8.4400	5.7600	3.9600	2.7300	1.8900	1.3200	0.9200
PD62071b	20	80	11+	false	50337604	40.7714	87.5500	68.4600	51.1400	37.3700	27.0600	19.6700	14.4100	10.6600	7.9900	6.0600	4.6500	3.6100	2.8200	2.2200	1.7600
PD62071c	20	80	31+	true	50337604	67.2169	97.4700	90.4700	80.1800	68.8700	57.7800	47.4600	38.2900	30.4400	23.9200	18.6600	14.4600	11.1600	8.6000	6.6200	5.1100
PD62072a	20	80	31+	true	50337604	97.6017	97.8500	93.6300	87.2900	79.7400	71.9000	64.2000	56.9300	50.1200	43.8700	38.2000	33.1100	28.5900	24.6000	21.1200	18.1100
PD62072b	20	80	21+	true	50337604	67.6829	97.1300	89.3100	78.6500	67.3700	56.4900	46.5400	37.8300	30.4300	24.3200	19.3400	15.3200	12.1200	9.6000	7.6100	6.0500
PD62072c	20	80	21+	true	50337604	73.4424	96.6500	89.5900	79.8000	69.2300	59.1300	49.9600	41.8500	34.8200	28.8100	23.7100	19.4500	15.9200	12.9900	10.5800	8.6000
PD62072d	20	80	<11	false	50337604	1.7786	0.3800	0.0100	0	0	0	0	0	0	0	0	0	0	0	0	0
PD62073a	20	80	11+	false	50337604	42.8881	91.0400	73.1700	55.5400	41.1600	30.0500	21.7700	15.7400	11.4000	8.3100	6.1100	4.5300	3.3900	2.5700	1.9700	1.5300
PD62073b	20	80	21+	true	50337604	69.2915	97.1400	89.6100	79.1100	68.0300	57.4100	47.6100	38.9200	31.4700	25.2600	20.1900	16.0900	12.8300	10.2600	8.2200	6.6200
PD62074a	20	80	11+	false	50337604	36.9156	89.7000	69.0800	49.5200	34.0900	22.9400	15.2900	10.2600	6.9600	4.7900	3.3400	2.3400	1.6600	1.1900	0.8500	0.6100
PD62074b	20	80	31+	true	50337604	97.7959	97.9200	93.6800	87.2700	79.6600	71.7200	63.9400	56.6100	49.8200	43.5900	37.9600	32.9300	28.4500	24.5400	21.1300	18.1800
PD62074d	20	80	21+	true	50337604	58.0599	95.9700	85.8800	72.7900	59.7300	47.9800	37.9000	29.5300	22.7900	17.4200	13.2300	10.0200	7.5800	5.7300	4.3300	3.2900
PD62074e	20	80	<11	false	50337604	0.0187	0	0	0	0	0	0	0	0	0	0	0	0	0	0	0
PD62075a	20	80	31+	true	50337604	84.8534	97.4600	91.9400	83.7900	74.6200	65.4900	56.9100	49.0700	42.0400	35.7900	30.3300	25.6200	21.5900	18.1700	15.2800	12.8400
PD62075b	20	80	41+	true	50337604	101.1304	98.1400	94.2800	88.1900	80.8600	73.1200	65.5000	58.2700	51.5300	45.3200	39.6500	34.5400	30.0100	26.0200	22.5000	19.4500
PD62075c	20	80	11+	false	50337604	50.0088	93.3400	79.7000	64.5700	50.7300	39.0300	29.5500	22.1200	16.4600	12.2100	9.0800	6.7700	5.0600	3.7900	2.8600	2.1800
PD62075d	20	80	31+	true	50337604	84.8356	97.2200	91.3000	82.9500	73.8300	64.8400	56.3800	48.6700	41.6700	35.4900	30.0600	25.3800	21.4000	18.0400	15.2100	12.8500
PD62075e	20	80	31+	true	50337604	86.7020	97.4700	91.6800	83.4400	74.4900	65.6800	57.3200	49.6200	42.6400	36.4300	30.9800	26.2800	22.2500	18.8500	15.9800	13.5600
PD62076a	20	80	31+	true	50337604	82.9406	97.4800	91.6600	83.2600	73.9900	64.8400	56.1900	48.2100	40.9900	34.5900	29.0300	24.2700	20.2600	16.9100	14.1300	11.8100
PD62076b	20	80	31+	true	50337604	79.9548	97.5500	91.6700	82.8600	73.0600	63.4700	54.5600	46.4300	39.1900	32.8200	27.3200	22.6700	18.7500	15.4900	12.8000	10.5800
PD62076c	20	80	31+	true	50337604	93.9897	98.0600	93.8400	87.2100	79.3300	71.1400	63.1400	55.5200	48.4200	41.9100	36.0600	30.8700	26.3200	22.3800	18.9800	16.0800
PD62077a	20	80	21+	true	50337604	69.6464	96.6700	89.5400	79.2400	68.1400	57.5100	47.8900	39.4800	32.2600	26.1600	21.0700	16.8700	13.4600	10.7100	8.5000	6.7400
PD62077b	20	80	31+	true	50337604	90.7901	97.8900	93.6300	86.8800	78.6500	70.0600	61.6900	53.8200	46.6700	40.2200	34.4900	29.4300	25.0100	21.1500	17.8500	15.0500
PD62077c	20	80	<11	false	50337604	27.6004	79.6700	52.8400	33.0400	20.2100	12.4200	7.7700	4.9700	3.2600	2.1800	1.4900	1.0300	0.7300	0.5200	0.3800	0.2800
PD62078a	20	80	11+	false	50337604	53.4550	92.2900	77.0900	61.9100	48.8600	38.2800	30	23.6500	18.7800	15.0600	12.2100	9.9800	8.2200	6.8100	5.6700	4.7200
PD62078b	20	80	11+	false	50337604	43.9427	92.9300	76.7000	59.2400	44.2500	32.2600	23.0500	16.2500	11.3900	7.9900	5.6400	4.0100	2.8700	2.0700	1.5100	1.1100
PD62078c	20	80	11+	false	50337604	47.3236	93.4400	78.7200	62.3300	47.8400	36.1000	26.9000	19.8400	14.5200	10.5500	7.6100	5.4700	3.9400	2.8500	2.0700	1.5100
PD62079a	20	80	31+	true	50337604	87.7295	97.9400	92.9300	85.3100	76.6400	67.8500	59.4700	51.6700	44.5100	38.0600	32.3500	27.3500	23.0500	19.3700	16.2600	13.6200
PD62079b	20	80	41+	true	50337604	98.4486	98.2700	94.3600	88.1400	80.6200	72.7200	64.9800	57.6400	50.7600	44.4300	38.7000	33.5500	28.9400	24.8800	21.3300	18.2400
PD62079c	20	80	31+	true	50337604	92.1057	97.9900	92.9600	85.4400	76.9500	68.4700	60.3700	52.8400	45.9000	39.6200	34.0500	29.1600	24.9300	21.2900	18.1900	15.5400
PD62080a	20	80	11+	false	50337604	46.2414	91.7600	75.7700	59.2500	45.1500	33.9300	25.3000	18.8200	13.9800	10.3900	7.7600	5.8300	4.4100	3.3500	2.5600	1.9600
PD62080b	20	80	21+	true	50337604	66.2413	97.1500	89.7200	78.9100	67.1800	55.9400	45.7900	36.9600	29.5200	23.3300	18.3000	14.2700	11.0700	8.5700	6.6300	5.1300
PD62080c	20	80	31+	true	50337604	74.8103	97.3300	90.7600	81.2500	70.8200	60.7000	51.4300	43.1100	35.8100	29.5300	24.2000	19.7500	16.0900	13.0800	10.6100	8.6000
PD62081a	20	80	11+	false	50337604	46.6061	93.2300	77.8300	61.1600	46.6600	34.9800	25.8400	18.8800	13.7200	9.9600	7.2500	5.3000	3.8900	2.8900	2.1700	1.6500
PD62081b	20	80	21+	true	50337604	62.3577	95.6100	85.1800	72.6100	60.3600	49.3800	39.9600	32.1100	25.6800	20.4700	16.3500	13.0700	10.4800	8.4200	6.8000	5.5000
PD62081c	20	80	21+	true	50337604	69.5893	95.5600	84.9300	72.4600	60.8700	50.7100	42.0500	34.7800	28.8300	24	20.1000	16.9600	14.4100	12.3000	10.5600	9.1100
PD62082a	20	80	11+	false	50337604	33.2711	84.9500	62.0100	42.8100	28.8900	19.2900	12.8500	8.5600	5.7300	3.8700	2.6400	1.8200	1.2800	0.9000	0.6400	0.4600
PD62082b	20	80	21+	true	50337604	58.1986	94.8500	83.4800	70.2600	57.7400	46.6100	37.0500	29.1200	22.7300	17.6900	13.7800	10.7600	8.4500	6.6600	5.3000	4.2300
PD62082c	20	80	11+	false	50337604	39.0543	89.8600	70.4400	51.9700	37.1300	25.9900	17.9600	12.3800	8.5200	5.9000	4.1300	2.9300	2.1100	1.5300	1.1300	0.8400
PD62083a	20	80	<11	false	50337604	2.4494	1.0900	0.0300	0	0	0	0	0	0	0	0	0	0	0	0	0
PD62083b	20	80	21+	true	50337604	60.4537	96.5300	87.3400	75.4400	63.1300	51.3400	40.7600	31.7800	24.4700	18.7400	14.3600	11.0100	8.4500	6.4800	4.9600	3.7700
PD62083c	20	80	21+	true	50337604	56.1502	94.5500	83.4000	69.7600	56.6700	45.3100	35.8000	27.9900	21.7100	16.7400	12.8200	9.7700	7.4200	5.6400	4.2800	3.2600
PD62083d	20	80	41+	true	50337604	107.4480	98.3700	94.9000	89.4800	82.9200	75.9200	68.9500	62.1600	55.6900	49.5800	43.8400	38.5500	33.7600	29.4400	25.5700	22.1700
PD62084a	20	80	21+	true	50337604	70.6297	95.7600	86.4500	75.3400	64.4100	54.2000	45.0800	37.2500	30.7100	25.3500	21.0300	17.5200	14.6800	12.3400	10.4100	8.8200
PD62084b	20	80	31+	true	50337604	78.8689	97.3300	91.3400	82.5600	72.7500	63.0800	54.0500	45.9100	38.6900	32.3600	26.9300	22.3300	18.4500	15.2100	12.5300	10.3200
